tempo_min T_K CA CB CC CD XA
0.000000 400.000000 0.500000 0.800000 0.000000 0.000000 0.000000
0.050167 400.000000 0.499958 0.799958 0.000042 0.000042 0.000084
0.100334 400.000000 0.499916 0.799916 0.000084 0.000084 0.000167
0.150502 400.000000 0.499875 0.799875 0.000125 0.000125 0.000251
0.200669 400.000000 0.499833 0.799833 0.000167 0.000167 0.000334
0.250836 400.000000 0.499791 0.799791 0.000209 0.000209 0.000418
0.301003 400.000000 0.499749 0.799749 0.000251 0.000251 0.000501
0.351171 400.000000 0.499708 0.799708 0.000292 0.000292 0.000585
0.401338 400.000000 0.499666 0.799666 0.000334 0.000334 0.000668
0.451505 400.000000 0.499624 0.799624 0.000376 0.000376 0.000752
0.501672 400.000000 0.499582 0.799582 0.000418 0.000418 0.000835
0.551839 400.000000 0.499541 0.799541 0.000459 0.000459 0.000919
0.602007 400.000000 0.499499 0.799499 0.000501 0.000501 0.001002
0.652174 400.000000 0.499457 0.799457 0.000543 0.000543 0.001086
0.702341 400.000000 0.499415 0.799415 0.000585 0.000585 0.001169
0.752508 400.000000 0.499374 0.799374 0.000626 0.000626 0.001253
0.802676 400.000000 0.499332 0.799332 0.000668 0.000668 0.001336
0.852843 400.000000 0.499290 0.799290 0.000710 0.000710 0.001420
0.903010 400.000000 0.499248 0.799248 0.000752 0.000752 0.001503
0.953177 400.000000 0.499207 0.799207 0.000793 0.000793 0.001586
1.003344 400.000000 0.499165 0.799165 0.000835 0.000835 0.001670
1.053512 400.000000 0.499123 0.799123 0.000877 0.000877 0.001753
1.103679 400.000000 0.499082 0.799082 0.000918 0.000918 0.001837
1.153846 400.000000 0.499040 0.799040 0.000960 0.000960 0.001920
1.204013 400.000000 0.498998 0.798998 0.001002 0.001002 0.002003
1.254181 400.000000 0.498957 0.798957 0.001043 0.001043 0.002087
1.304348 400.000000 0.498915 0.798915 0.001085 0.001085 0.002170
1.354515 400.000000 0.498873 0.798873 0.001127 0.001127 0.002253
1.404682 400.000000 0.498832 0.798832 0.001168 0.001168 0.002337
1.454849 400.000000 0.498790 0.798790 0.001210 0.001210 0.002420
1.505017 400.000000 0.498748 0.798748 0.001252 0.001252 0.002503
1.555184 400.000000 0.498707 0.798707 0.001293 0.001293 0.002586
1.605351 400.000000 0.498665 0.798665 0.001335 0.001335 0.002670
1.655518 400.000000 0.498624 0.798624 0.001376 0.001376 0.002753
1.705686 400.000000 0.498582 0.798582 0.001418 0.001418 0.002836
1.755853 400.000000 0.498540 0.798540 0.001460 0.001460 0.002919
1.806020 400.000000 0.498499 0.798499 0.001501 0.001501 0.003002
1.856187 400.000000 0.498457 0.798457 0.001543 0.001543 0.003086
1.906355 400.000000 0.498416 0.798416 0.001584 0.001584 0.003169
1.956522 400.000000 0.498374 0.798374 0.001626 0.001626 0.003252
2.006689 400.000000 0.498332 0.798332 0.001668 0.001668 0.003335
2.056856 400.000000 0.498291 0.798291 0.001709 0.001709 0.003418
2.107023 400.000000 0.498249 0.798249 0.001751 0.001751 0.003501
2.157191 400.000000 0.498208 0.798208 0.001792 0.001792 0.003585
2.207358 400.000000 0.498166 0.798166 0.001834 0.001834 0.003668
2.257525 400.000000 0.498125 0.798125 0.001875 0.001875 0.003751
2.307692 400.000000 0.498083 0.798083 0.001917 0.001917 0.003834
2.357860 400.000000 0.498042 0.798042 0.001958 0.001958 0.003917
2.408027 400.000000 0.498000 0.798000 0.002000 0.002000 0.004000
2.458194 400.000000 0.497958 0.797958 0.002042 0.002042 0.004083
2.508361 400.000000 0.497917 0.797917 0.002083 0.002083 0.004166
2.558528 400.000000 0.497875 0.797875 0.002125 0.002125 0.004249
2.608696 400.000000 0.497834 0.797834 0.002166 0.002166 0.004332
2.658863 400.000000 0.497792 0.797792 0.002208 0.002208 0.004415
2.709030 400.000000 0.497751 0.797751 0.002249 0.002249 0.004498
2.759197 400.000000 0.497709 0.797709 0.002291 0.002291 0.004581
2.809365 400.000000 0.497668 0.797668 0.002332 0.002332 0.004664
2.859532 400.000000 0.497626 0.797626 0.002374 0.002374 0.004747
2.909699 400.000000 0.497585 0.797585 0.002415 0.002415 0.004830
2.959866 400.000000 0.497543 0.797543 0.002457 0.002457 0.004913
3.010033 400.000000 0.497502 0.797502 0.002498 0.002498 0.004996
3.060201 400.000000 0.497461 0.797461 0.002539 0.002539 0.005079
3.110368 400.000000 0.497419 0.797419 0.002581 0.002581 0.005162
3.160535 400.000000 0.497378 0.797378 0.002622 0.002622 0.005245
3.210702 400.000000 0.497336 0.797336 0.002664 0.002664 0.005328
3.260870 400.000000 0.497295 0.797295 0.002705 0.002705 0.005411
3.311037 400.000000 0.497253 0.797253 0.002747 0.002747 0.005493
3.361204 400.000000 0.497212 0.797212 0.002788 0.002788 0.005576
3.411371 400.000000 0.497170 0.797170 0.002830 0.002830 0.005659
3.461538 400.000000 0.497129 0.797129 0.002871 0.002871 0.005742
3.511706 400.000000 0.497088 0.797088 0.002912 0.002912 0.005825
3.561873 400.000000 0.497046 0.797046 0.002954 0.002954 0.005908
3.612040 400.000000 0.497005 0.797005 0.002995 0.002995 0.005990
3.662207 400.000000 0.496963 0.796963 0.003037 0.003037 0.006073
3.712375 400.000000 0.496922 0.796922 0.003078 0.003078 0.006156
3.762542 400.000000 0.496881 0.796881 0.003119 0.003119 0.006239
3.812709 400.000000 0.496839 0.796839 0.003161 0.003161 0.006321
3.862876 400.000000 0.496798 0.796798 0.003202 0.003202 0.006404
3.913043 400.000000 0.496757 0.796757 0.003243 0.003243 0.006487
3.963211 400.000000 0.496715 0.796715 0.003285 0.003285 0.006570
4.013378 400.000000 0.496674 0.796674 0.003326 0.003326 0.006652
4.063545 400.000000 0.496632 0.796632 0.003368 0.003368 0.006735
4.113712 400.000000 0.496591 0.796591 0.003409 0.003409 0.006818
4.163880 400.000000 0.496550 0.796550 0.003450 0.003450 0.006900
4.214047 400.000000 0.496508 0.796508 0.003492 0.003492 0.006983
4.264214 400.000000 0.496467 0.796467 0.003533 0.003533 0.007066
4.314381 400.000000 0.496426 0.796426 0.003574 0.003574 0.007148
4.364548 400.000000 0.496384 0.796384 0.003616 0.003616 0.007231
4.414716 400.000000 0.496343 0.796343 0.003657 0.003657 0.007314
4.464883 400.000000 0.496302 0.796302 0.003698 0.003698 0.007396
4.515050 400.000000 0.496261 0.796261 0.003739 0.003739 0.007479
4.565217 400.000000 0.496219 0.796219 0.003781 0.003781 0.007561
4.615385 400.000000 0.496178 0.796178 0.003822 0.003822 0.007644
4.665552 400.000000 0.496137 0.796137 0.003863 0.003863 0.007727
4.715719 400.000000 0.496095 0.796095 0.003905 0.003905 0.007809
4.765886 400.000000 0.496054 0.796054 0.003946 0.003946 0.007892
4.816054 400.000000 0.496013 0.796013 0.003987 0.003987 0.007974
4.866221 400.000000 0.495972 0.795972 0.004028 0.004028 0.008057
4.916388 400.000000 0.495930 0.795930 0.004070 0.004070 0.008139
4.966555 400.000000 0.495889 0.795889 0.004111 0.004111 0.008222
5.016722 399.916388 0.495848 0.795848 0.004152 0.004152 0.008304
5.066890 399.665552 0.495807 0.795807 0.004193 0.004193 0.008386
5.117057 399.414716 0.495767 0.795767 0.004233 0.004233 0.008466
5.167224 399.163880 0.495728 0.795728 0.004272 0.004272 0.008545
5.217391 398.913043 0.495689 0.795689 0.004311 0.004311 0.008622
5.267559 398.662207 0.495651 0.795651 0.004349 0.004349 0.008699
5.317726 398.411371 0.495613 0.795613 0.004387 0.004387 0.008774
5.367893 398.160535 0.495576 0.795576 0.004424 0.004424 0.008848
5.418060 397.909699 0.495540 0.795540 0.004460 0.004460 0.008921
5.468227 397.658863 0.495504 0.795504 0.004496 0.004496 0.008992
5.518395 397.408027 0.495469 0.795469 0.004531 0.004531 0.009063
5.568562 397.157191 0.495434 0.795434 0.004566 0.004566 0.009132
5.618729 396.906355 0.495400 0.795400 0.004600 0.004600 0.009201
5.668896 396.655518 0.495366 0.795366 0.004634 0.004634 0.009268
5.719064 396.404682 0.495333 0.795333 0.004667 0.004667 0.009334
5.769231 396.153846 0.495300 0.795300 0.004700 0.004700 0.009399
5.819398 395.903010 0.495268 0.795268 0.004732 0.004732 0.009463
5.869565 395.652174 0.495237 0.795237 0.004763 0.004763 0.009526
5.919732 395.401338 0.495206 0.795206 0.004794 0.004794 0.009588
5.969900 395.150502 0.495175 0.795175 0.004825 0.004825 0.009649
6.020067 394.899666 0.495145 0.795145 0.004855 0.004855 0.009709
6.070234 394.648829 0.495116 0.795116 0.004884 0.004884 0.009768
6.120401 394.397993 0.495087 0.795087 0.004913 0.004913 0.009827
6.170569 394.147157 0.495058 0.795058 0.004942 0.004942 0.009884
6.220736 393.896321 0.495030 0.795030 0.004970 0.004970 0.009940
6.270903 393.645485 0.495002 0.795002 0.004998 0.004998 0.009996
6.321070 393.394649 0.494975 0.794975 0.005025 0.005025 0.010050
6.371237 393.143813 0.494948 0.794948 0.005052 0.005052 0.010104
6.421405 392.892977 0.494922 0.794922 0.005078 0.005078 0.010156
6.471572 392.642140 0.494896 0.794896 0.005104 0.005104 0.010208
6.521739 392.391304 0.494870 0.794870 0.005130 0.005130 0.010259
6.571906 392.140468 0.494845 0.794845 0.005155 0.005155 0.010310
6.622074 391.889632 0.494821 0.794821 0.005179 0.005179 0.010359
6.672241 391.638796 0.494796 0.794796 0.005204 0.005204 0.010408
6.722408 391.387960 0.494772 0.794772 0.005228 0.005228 0.010455
6.772575 391.137124 0.494749 0.794749 0.005251 0.005251 0.010502
6.822742 390.886288 0.494726 0.794726 0.005274 0.005274 0.010549
6.872910 390.635452 0.494703 0.794703 0.005297 0.005297 0.010594
6.923077 390.384615 0.494681 0.794681 0.005319 0.005319 0.010639
6.973244 390.133779 0.494659 0.794659 0.005341 0.005341 0.010683
7.023411 389.882943 0.494637 0.794637 0.005363 0.005363 0.010726
7.073579 389.632107 0.494616 0.794616 0.005384 0.005384 0.010769
7.123746 389.381271 0.494595 0.794595 0.005405 0.005405 0.010811
7.173913 389.130435 0.494574 0.794574 0.005426 0.005426 0.010852
7.224080 388.879599 0.494554 0.794554 0.005446 0.005446 0.010892
7.274247 388.628763 0.494534 0.794534 0.005466 0.005466 0.010932
7.324415 388.377926 0.494514 0.794514 0.005486 0.005486 0.010971
7.374582 388.127090 0.494495 0.794495 0.005505 0.005505 0.011010
7.424749 387.876254 0.494476 0.794476 0.005524 0.005524 0.011048
7.474916 387.625418 0.494457 0.794457 0.005543 0.005543 0.011085
7.525084 387.374582 0.494439 0.794439 0.005561 0.005561 0.011122
7.575251 387.123746 0.494421 0.794421 0.005579 0.005579 0.011158
7.625418 386.872910 0.494403 0.794403 0.005597 0.005597 0.011193
7.675585 386.622074 0.494386 0.794386 0.005614 0.005614 0.011228
7.725753 386.371237 0.494369 0.794369 0.005631 0.005631 0.011262
7.775920 386.120401 0.494352 0.794352 0.005648 0.005648 0.011296
7.826087 385.869565 0.494335 0.794335 0.005665 0.005665 0.011329
7.876254 385.618729 0.494319 0.794319 0.005681 0.005681 0.011362
7.926421 385.367893 0.494303 0.794303 0.005697 0.005697 0.011394
7.976589 385.117057 0.494287 0.794287 0.005713 0.005713 0.011425
8.026756 384.866221 0.494272 0.794272 0.005728 0.005728 0.011456
8.076923 384.615385 0.494257 0.794257 0.005743 0.005743 0.011487
8.127090 384.364548 0.494242 0.794242 0.005758 0.005758 0.011517
8.177258 384.113712 0.494227 0.794227 0.005773 0.005773 0.011546
8.227425 383.862876 0.494212 0.794212 0.005788 0.005788 0.011575
8.277592 383.612040 0.494198 0.794198 0.005802 0.005802 0.011604
8.327759 383.361204 0.494184 0.794184 0.005816 0.005816 0.011631
8.377926 383.110368 0.494171 0.794171 0.005829 0.005829 0.011659
8.428094 382.859532 0.494157 0.794157 0.005843 0.005843 0.011686
8.478261 382.608696 0.494144 0.794144 0.005856 0.005856 0.011713
8.528428 382.357860 0.494131 0.794131 0.005869 0.005869 0.011739
8.578595 382.107023 0.494118 0.794118 0.005882 0.005882 0.011764
8.628763 381.856187 0.494105 0.794105 0.005895 0.005895 0.011790
8.678930 381.605351 0.494093 0.794093 0.005907 0.005907 0.011814
8.729097 381.354515 0.494081 0.794081 0.005919 0.005919 0.011839
8.779264 381.103679 0.494069 0.794069 0.005931 0.005931 0.011863
8.829431 380.852843 0.494057 0.794057 0.005943 0.005943 0.011886
8.879599 380.602007 0.494045 0.794045 0.005955 0.005955 0.011909
8.929766 380.351171 0.494034 0.794034 0.005966 0.005966 0.011932
8.979933 380.100334 0.494023 0.794023 0.005977 0.005977 0.011954
9.030100 379.849498 0.494012 0.794012 0.005988 0.005988 0.011976
9.080268 379.598662 0.494001 0.794001 0.005999 0.005999 0.011998
9.130435 379.347826 0.493990 0.793990 0.006010 0.006010 0.012019
9.180602 379.096990 0.493980 0.793980 0.006020 0.006020 0.012040
9.230769 378.846154 0.493970 0.793970 0.006030 0.006030 0.012060
9.280936 378.595318 0.493960 0.793960 0.006040 0.006040 0.012081
9.331104 378.344482 0.493950 0.793950 0.006050 0.006050 0.012100
9.381271 378.093645 0.493940 0.793940 0.006060 0.006060 0.012120
9.431438 377.842809 0.493931 0.793931 0.006069 0.006069 0.012139
9.481605 377.591973 0.493921 0.793921 0.006079 0.006079 0.012158
9.531773 377.341137 0.493912 0.793912 0.006088 0.006088 0.012176
9.581940 377.090301 0.493903 0.793903 0.006097 0.006097 0.012194
9.632107 376.839465 0.493894 0.793894 0.006106 0.006106 0.012212
9.682274 376.588629 0.493885 0.793885 0.006115 0.006115 0.012229
9.732441 376.337793 0.493877 0.793877 0.006123 0.006123 0.012247
9.782609 376.086957 0.493868 0.793868 0.006132 0.006132 0.012263
9.832776 375.836120 0.493860 0.793860 0.006140 0.006140 0.012280
9.882943 375.585284 0.493852 0.793852 0.006148 0.006148 0.012296
9.933110 375.334448 0.493844 0.793844 0.006156 0.006156 0.012312
9.983278 375.083612 0.493836 0.793836 0.006164 0.006164 0.012328
10.033445 374.832776 0.493828 0.793828 0.006172 0.006172 0.012343
10.083612 374.581940 0.493821 0.793821 0.006179 0.006179 0.012359
10.133779 374.331104 0.493813 0.793813 0.006187 0.006187 0.012373
10.183946 374.080268 0.493806 0.793806 0.006194 0.006194 0.012388
10.234114 373.829431 0.493799 0.793799 0.006201 0.006201 0.012402
10.284281 373.578595 0.493792 0.793792 0.006208 0.006208 0.012417
10.334448 373.327759 0.493785 0.793785 0.006215 0.006215 0.012430
10.384615 373.076923 0.493778 0.793778 0.006222 0.006222 0.012444
10.434783 372.826087 0.493771 0.793771 0.006229 0.006229 0.012457
10.484950 372.575251 0.493765 0.793765 0.006235 0.006235 0.012470
10.535117 372.324415 0.493758 0.793758 0.006242 0.006242 0.012483
10.585284 372.073579 0.493752 0.793752 0.006248 0.006248 0.012496
10.635452 371.822742 0.493746 0.793746 0.006254 0.006254 0.012508
10.685619 371.571906 0.493740 0.793740 0.006260 0.006260 0.012521
10.735786 371.321070 0.493734 0.793734 0.006266 0.006266 0.012533
10.785953 371.070234 0.493728 0.793728 0.006272 0.006272 0.012544
10.836120 370.819398 0.493722 0.793722 0.006278 0.006278 0.012556
10.886288 370.568562 0.493716 0.793716 0.006284 0.006284 0.012567
10.936455 370.317726 0.493711 0.793711 0.006289 0.006289 0.012578
10.986622 370.066890 0.493705 0.793705 0.006295 0.006295 0.012589
11.036789 369.816054 0.493700 0.793700 0.006300 0.006300 0.012600
11.086957 369.565217 0.493695 0.793695 0.006305 0.006305 0.012611
11.137124 369.314381 0.493689 0.793689 0.006311 0.006311 0.012621
11.187291 369.063545 0.493684 0.793684 0.006316 0.006316 0.012631
11.237458 368.812709 0.493679 0.793679 0.006321 0.006321 0.012641
11.287625 368.561873 0.493674 0.793674 0.006326 0.006326 0.012651
11.337793 368.311037 0.493670 0.793670 0.006330 0.006330 0.012661
11.387960 368.060201 0.493665 0.793665 0.006335 0.006335 0.012670
11.438127 367.809365 0.493660 0.793660 0.006340 0.006340 0.012679
11.488294 367.558528 0.493656 0.793656 0.006344 0.006344 0.012688
11.538462 367.307692 0.493651 0.793651 0.006349 0.006349 0.012697
11.588629 367.056856 0.493647 0.793647 0.006353 0.006353 0.012706
11.638796 366.806020 0.493643 0.793643 0.006357 0.006357 0.012715
11.688963 366.555184 0.493638 0.793638 0.006362 0.006362 0.012723
11.739130 366.304348 0.493634 0.793634 0.006366 0.006366 0.012731
11.789298 366.053512 0.493630 0.793630 0.006370 0.006370 0.012740
11.839465 365.802676 0.493626 0.793626 0.006374 0.006374 0.012748
11.889632 365.551839 0.493622 0.793622 0.006378 0.006378 0.012755
11.939799 365.301003 0.493618 0.793618 0.006382 0.006382 0.012763
11.989967 365.050167 0.493615 0.793615 0.006385 0.006385 0.012771
12.040134 364.799331 0.493611 0.793611 0.006389 0.006389 0.012778
12.090301 364.548495 0.493607 0.793607 0.006393 0.006393 0.012785
12.140468 364.297659 0.493604 0.793604 0.006396 0.006396 0.012792
12.190635 364.046823 0.493600 0.793600 0.006400 0.006400 0.012799
12.240803 363.795987 0.493597 0.793597 0.006403 0.006403 0.012806
12.290970 363.545151 0.493593 0.793593 0.006407 0.006407 0.012813
12.341137 363.294314 0.493590 0.793590 0.006410 0.006410 0.012820
12.391304 363.043478 0.493587 0.793587 0.006413 0.006413 0.012826
12.441472 362.792642 0.493584 0.793584 0.006416 0.006416 0.012833
12.491639 362.541806 0.493581 0.793581 0.006419 0.006419 0.012839
12.541806 362.290970 0.493578 0.793578 0.006422 0.006422 0.012845
12.591973 362.040134 0.493575 0.793575 0.006425 0.006425 0.012851
12.642140 361.789298 0.493572 0.793572 0.006428 0.006428 0.012857
12.692308 361.538462 0.493569 0.793569 0.006431 0.006431 0.012863
12.742475 361.287625 0.493566 0.793566 0.006434 0.006434 0.012868
12.792642 361.036789 0.493563 0.793563 0.006437 0.006437 0.012874
12.842809 360.785953 0.493560 0.793560 0.006440 0.006440 0.012879
12.892977 360.535117 0.493558 0.793558 0.006442 0.006442 0.012885
12.943144 360.284281 0.493555 0.793555 0.006445 0.006445 0.012890
12.993311 360.033445 0.493552 0.793552 0.006448 0.006448 0.012895
13.043478 359.782609 0.493550 0.793550 0.006450 0.006450 0.012900
13.093645 359.531773 0.493547 0.793547 0.006453 0.006453 0.012905
13.143813 359.280936 0.493545 0.793545 0.006455 0.006455 0.012910
13.193980 359.030100 0.493543 0.793543 0.006457 0.006457 0.012915
13.244147 358.779264 0.493540 0.793540 0.006460 0.006460 0.012919
13.294314 358.528428 0.493538 0.793538 0.006462 0.006462 0.012924
13.344482 358.277592 0.493536 0.793536 0.006464 0.006464 0.012928
13.394649 358.026756 0.493534 0.793534 0.006466 0.006466 0.012933
13.444816 357.775920 0.493531 0.793531 0.006469 0.006469 0.012937
13.494983 357.525084 0.493529 0.793529 0.006471 0.006471 0.012941
13.545151 357.274247 0.493527 0.793527 0.006473 0.006473 0.012946
13.595318 357.023411 0.493525 0.793525 0.006475 0.006475 0.012950
13.645485 356.772575 0.493523 0.793523 0.006477 0.006477 0.012954
13.695652 356.521739 0.493521 0.793521 0.006479 0.006479 0.012958
13.745819 356.270903 0.493519 0.793519 0.006481 0.006481 0.012961
13.795987 356.020067 0.493517 0.793517 0.006483 0.006483 0.012965
13.846154 355.769231 0.493516 0.793516 0.006484 0.006484 0.012969
13.896321 355.518395 0.493514 0.793514 0.006486 0.006486 0.012973
13.946488 355.267559 0.493512 0.793512 0.006488 0.006488 0.012976
13.996656 355.016722 0.493510 0.793510 0.006490 0.006490 0.012980
14.046823 354.765886 0.493509 0.793509 0.006491 0.006491 0.012983
14.096990 354.515050 0.493507 0.793507 0.006493 0.006493 0.012986
14.147157 354.264214 0.493505 0.793505 0.006495 0.006495 0.012990
14.197324 354.013378 0.493504 0.793504 0.006496 0.006496 0.012993
14.247492 353.762542 0.493502 0.793502 0.006498 0.006498 0.012996
14.297659 353.511706 0.493500 0.793500 0.006500 0.006500 0.012999
14.347826 353.260870 0.493499 0.793499 0.006501 0.006501 0.013002
14.397993 353.010033 0.493497 0.793497 0.006503 0.006503 0.013005
14.448161 352.759197 0.493496 0.793496 0.006504 0.006504 0.013008
14.498328 352.508361 0.493495 0.793495 0.006505 0.006505 0.013011
14.548495 352.257525 0.493493 0.793493 0.006507 0.006507 0.013014
14.598662 352.006689 0.493492 0.793492 0.006508 0.006508 0.013016
14.648829 351.755853 0.493491 0.793491 0.006509 0.006509 0.013019
14.698997 351.505017 0.493489 0.793489 0.006511 0.006511 0.013022
14.749164 351.254181 0.493488 0.793488 0.006512 0.006512 0.013024
14.799331 351.003344 0.493487 0.793487 0.006513 0.006513 0.013027
14.849498 350.752508 0.493485 0.793485 0.006515 0.006515 0.013029
14.899666 350.501672 0.493484 0.793484 0.006516 0.006516 0.013032
14.949833 350.250836 0.493483 0.793483 0.006517 0.006517 0.013034
15.000000 350.000000 0.493482 0.793482 0.006518 0.006518 0.013036
